All Windows Data (each row is one 5x5 window)
Total windows: 576
Format: uint8 (0-255)
====================================

Window 1: 212 220 220 220 220 217 255 255 255 255 218 255 255 255 255 218 255 255 255 255 218 255 255 255 255 
Window 2: 220 220 220 220 220 255 255 255 255 255 255 255 255 255 255 255 255 255 255 255 255 255 255 255 255 
Window 3: 220 220 220 220 220 255 255 255 255 255 255 255 255 255 255 255 255 255 255 255 255 255 255 255 255 
Window 4: 220 220 220 220 220 255 255 255 255 255 255 255 255 255 255 255 255 255 255 255 255 255 255 255 255 
Window 5: 220 220 220 220 220 255 255 255 255 255 255 255 255 255 255 255 255 255 255 255 255 255 255 255 255 
Window 6: 220 220 220 220 220 255 255 255 255 255 255 255 255 255 255 255 255 255 255 255 255 255 255 255 255 
Window 7: 220 220 220 220 220 255 255 255 255 255 255 255 255 255 255 255 255 255 255 255 255 255 255 255 255 
Window 8: 220 220 220 220 220 255 255 255 255 255 255 255 255 255 255 255 255 255 255 255 255 255 255 255 255 
Window 9: 220 220 220 220 220 255 255 255 255 255 255 255 255 255 255 255 255 255 255 255 255 255 255 255 255 
Window 10: 220 220 220 220 220 255 255 255 255 255 255 255 255 255 255 255 255 255 255 255 255 255 255 255 255 
Window 11: 220 220 220 220 220 255 255 255 255 255 255 255 255 255 255 255 255 255 255 255 255 255 255 255 255 
Window 12: 220 220 220 220 220 255 255 255 255 255 255 255 255 255 255 255 255 255 255 255 255 255 255 255 255 
Window 13: 220 220 220 220 220 255 255 255 255 255 255 255 255 255 255 255 255 255 255 255 255 255 255 255 255 
Window 14: 220 220 220 220 220 255 255 255 255 255 255 255 255 255 255 255 255 255 255 255 255 255 255 255 255 
Window 15: 220 220 220 220 220 255 255 255 255 255 255 255 255 255 255 255 255 255 255 255 255 255 255 255 255 
Window 16: 220 220 220 220 220 255 255 255 255 255 255 255 255 255 255 255 255 255 255 255 255 255 255 255 255 
Window 17: 220 220 220 220 220 255 255 255 255 255 255 255 255 255 255 255 255 255 255 255 255 255 255 255 255 
Window 18: 220 220 220 220 220 255 255 255 255 255 255 255 255 255 255 255 255 255 255 255 255 255 255 255 255 
Window 19: 220 220 220 220 220 255 255 255 255 255 255 255 255 255 255 255 255 255 255 255 255 255 255 255 255 
Window 20: 220 220 220 220 220 255 255 255 255 255 255 255 255 255 255 255 255 255 255 255 255 255 255 255 255 
Window 21: 220 220 220 220 220 255 255 255 255 255 255 255 255 255 255 255 255 255 255 255 255 255 255 255 255 
Window 22: 220 220 220 220 220 255 255 255 255 255 255 255 255 255 255 255 255 255 255 255 255 255 255 255 255 
Window 23: 220 220 220 220 220 255 255 255 255 255 255 255 255 255 255 255 255 255 255 255 255 255 255 255 255 
Window 24: 220 220 220 220 212 255 255 255 255 217 255 255 255 255 218 255 255 255 255 218 255 255 255 255 218 
Window 25: 217 255 255 255 255 218 255 255 255 255 218 255 255 255 255 218 255 255 255 255 218 255 255 255 255 
Window 26: 255 255 255 255 255 255 255 255 255 255 255 255 255 255 255 255 255 255 255 255 255 255 255 255 255 
Window 27: 255 255 255 255 255 255 255 255 255 255 255 255 255 255 255 255 255 255 255 255 255 255 255 255 255 
Window 28: 255 255 255 255 255 255 255 255 255 255 255 255 255 255 255 255 255 255 255 255 255 255 255 255 255 
Window 29: 255 255 255 255 255 255 255 255 255 255 255 255 255 255 255 255 255 255 255 255 255 255 255 255 255 
Window 30: 255 255 255 255 255 255 255 255 255 255 255 255 255 255 255 255 255 255 255 255 255 255 255 255 255 
Window 31: 255 255 255 255 255 255 255 255 255 255 255 255 255 255 255 255 255 255 255 255 255 255 255 255 255 
Window 32: 255 255 255 255 255 255 255 255 255 255 255 255 255 255 255 255 255 255 255 255 255 255 255 255 255 
Window 33: 255 255 255 255 255 255 255 255 255 255 255 255 255 255 255 255 255 255 255 255 255 255 255 255 255 
Window 34: 255 255 255 255 255 255 255 255 255 255 255 255 255 255 255 255 255 255 255 255 255 255 255 255 255 
Window 35: 255 255 255 255 255 255 255 255 255 255 255 255 255 255 255 255 255 255 255 255 255 255 255 255 254 
Window 36: 255 255 255 255 255 255 255 255 255 255 255 255 255 255 255 255 255 255 255 255 255 255 255 254 243 
Window 37: 255 255 255 255 255 255 255 255 255 255 255 255 255 255 255 255 255 255 255 255 255 255 254 243 223 
Window 38: 255 255 255 255 255 255 255 255 255 255 255 255 255 255 255 255 255 255 255 255 255 254 243 223 172 
Window 39: 255 255 255 255 255 255 255 255 255 255 255 255 255 255 255 255 255 255 255 255 254 243 223 172 179 
Window 40: 255 255 255 255 255 255 255 255 255 255 255 255 255 255 255 255 255 255 255 255 243 223 172 179 250 
Window 41: 255 255 255 255 255 255 255 255 255 255 255 255 255 255 255 255 255 255 255 255 223 172 179 250 255 
Window 42: 255 255 255 255 255 255 255 255 255 255 255 255 255 255 255 255 255 255 255 255 172 179 250 255 255 
Window 43: 255 255 255 255 255 255 255 255 255 255 255 255 255 255 255 255 255 255 255 255 179 250 255 255 255 
Window 44: 255 255 255 255 255 255 255 255 255 255 255 255 255 255 255 255 255 255 255 255 250 255 255 255 255 
Window 45: 255 255 255 255 255 255 255 255 255 255 255 255 255 255 255 255 255 255 255 255 255 255 255 255 255 
Window 46: 255 255 255 255 255 255 255 255 255 255 255 255 255 255 255 255 255 255 255 255 255 255 255 255 255 
Window 47: 255 255 255 255 255 255 255 255 255 255 255 255 255 255 255 255 255 255 255 255 255 255 255 255 255 
Window 48: 255 255 255 255 217 255 255 255 255 218 255 255 255 255 218 255 255 255 255 218 255 255 255 255 218 
Window 49: 218 255 255 255 255 218 255 255 255 255 218 255 255 255 255 218 255 255 255 255 218 255 255 255 255 
Window 50: 255 255 255 255 255 255 255 255 255 255 255 255 255 255 255 255 255 255 255 255 255 255 255 255 255 
Window 51: 255 255 255 255 255 255 255 255 255 255 255 255 255 255 255 255 255 255 255 255 255 255 255 255 255 
Window 52: 255 255 255 255 255 255 255 255 255 255 255 255 255 255 255 255 255 255 255 255 255 255 255 255 255 
Window 53: 255 255 255 255 255 255 255 255 255 255 255 255 255 255 255 255 255 255 255 255 255 255 255 255 255 
Window 54: 255 255 255 255 255 255 255 255 255 255 255 255 255 255 255 255 255 255 255 255 255 255 255 255 255 
Window 55: 255 255 255 255 255 255 255 255 255 255 255 255 255 255 255 255 255 255 255 255 255 255 255 255 255 
Window 56: 255 255 255 255 255 255 255 255 255 255 255 255 255 255 255 255 255 255 255 255 255 255 255 255 255 
Window 57: 255 255 255 255 255 255 255 255 255 255 255 255 255 255 255 255 255 255 255 255 255 255 255 255 249 
Window 58: 255 255 255 255 255 255 255 255 255 255 255 255 255 255 255 255 255 255 255 255 255 255 255 249 215 
Window 59: 255 255 255 255 255 255 255 255 255 255 255 255 255 255 255 255 255 255 255 254 255 255 249 215 129 
Window 60: 255 255 255 255 255 255 255 255 255 255 255 255 255 255 255 255 255 255 254 243 255 249 215 129  78 
Window 61: 255 255 255 255 255 255 255 255 255 255 255 255 255 255 255 255 255 254 243 223 249 215 129  78  43 
Window 62: 255 255 255 255 255 255 255 255 255 255 255 255 255 255 255 255 254 243 223 172 215 129  78  43  25 
Window 63: 255 255 255 255 255 255 255 255 255 255 255 255 255 255 255 254 243 223 172 179 129  78  43  25  43 
Window 64: 255 255 255 255 255 255 255 255 255 255 255 255 255 255 255 243 223 172 179 250  78  43  25  43 162 
Window 65: 255 255 255 255 255 255 255 255 255 255 255 255 255 255 255 223 172 179 250 255  43  25  43 162 255 
Window 66: 255 255 255 255 255 255 255 255 255 255 255 255 255 255 255 172 179 250 255 255  25  43 162 255 255 
Window 67: 255 255 255 255 255 255 255 255 255 255 255 255 255 255 255 179 250 255 255 255  43 162 255 255 255 
Window 68: 255 255 255 255 255 255 255 255 255 255 255 255 255 255 255 250 255 255 255 255 162 255 255 255 255 
Window 69: 255 255 255 255 255 255 255 255 255 255 255 255 255 255 255 255 255 255 255 255 255 255 255 255 255 
Window 70: 255 255 255 255 255 255 255 255 255 255 255 255 255 255 255 255 255 255 255 255 255 255 255 255 255 
Window 71: 255 255 255 255 255 255 255 255 255 255 255 255 255 255 255 255 255 255 255 255 255 255 255 255 255 
Window 72: 255 255 255 255 218 255 255 255 255 218 255 255 255 255 218 255 255 255 255 218 255 255 255 255 218 
Window 73: 218 255 255 255 255 218 255 255 255 255 218 255 255 255 255 218 255 255 255 255 218 255 255 255 255 
Window 74: 255 255 255 255 255 255 255 255 255 255 255 255 255 255 255 255 255 255 255 255 255 255 255 255 255 
Window 75: 255 255 255 255 255 255 255 255 255 255 255 255 255 255 255 255 255 255 255 255 255 255 255 255 255 
Window 76: 255 255 255 255 255 255 255 255 255 255 255 255 255 255 255 255 255 255 255 255 255 255 255 255 255 
Window 77: 255 255 255 255 255 255 255 255 255 255 255 255 255 255 255 255 255 255 255 255 255 255 255 255 255 
Window 78: 255 255 255 255 255 255 255 255 255 255 255 255 255 255 255 255 255 255 255 255 255 255 255 255 255 
Window 79: 255 255 255 255 255 255 255 255 255 255 255 255 255 255 255 255 255 255 255 255 255 255 255 255 248 
Window 80: 255 255 255 255 255 255 255 255 255 255 255 255 255 255 255 255 255 255 255 255 255 255 255 248 206 
Window 81: 255 255 255 255 255 255 255 255 255 255 255 255 255 255 255 255 255 255 255 249 255 255 248 206 115 
Window 82: 255 255 255 255 255 255 255 255 255 255 255 255 255 255 255 255 255 255 249 215 255 248 206 115  42 
Window 83: 255 255 255 255 255 255 255 255 255 255 255 255 255 255 254 255 255 249 215 129 248 206 115  42  13 
Window 84: 255 255 255 255 255 255 255 255 255 255 255 255 255 254 243 255 249 215 129  78 206 115  42  13   8 
Window 85: 255 255 255 255 255 255 255 255 255 255 255 255 254 243 223 249 215 129  78  43 115  42  13   8  32 
Window 86: 255 255 255 255 255 255 255 255 255 255 255 254 243 223 172 215 129  78  43  25  42  13   8  32  34 
Window 87: 255 255 255 255 255 255 255 255 255 255 254 243 223 172 179 129  78  43  25  43  13   8  32  34   2 
Window 88: 255 255 255 255 255 255 255 255 255 255 243 223 172 179 250  78  43  25  43 162   8  32  34   2  75 
Window 89: 255 255 255 255 255 255 255 255 255 255 223 172 179 250 255  43  25  43 162 255  32  34   2  75 231 
Window 90: 255 255 255 255 255 255 255 255 255 255 172 179 250 255 255  25  43 162 255 255  34   2  75 231 255 
Window 91: 255 255 255 255 255 255 255 255 255 255 179 250 255 255 255  43 162 255 255 255   2  75 231 255 255 
Window 92: 255 255 255 255 255 255 255 255 255 255 250 255 255 255 255 162 255 255 255 255  75 231 255 255 255 
Window 93: 255 255 255 255 255 255 255 255 255 255 255 255 255 255 255 255 255 255 255 255 231 255 255 255 255 
Window 94: 255 255 255 255 255 255 255 255 255 255 255 255 255 255 255 255 255 255 255 255 255 255 255 255 255 
Window 95: 255 255 255 255 255 255 255 255 255 255 255 255 255 255 255 255 255 255 255 255 255 255 255 255 255 
Window 96: 255 255 255 255 218 255 255 255 255 218 255 255 255 255 218 255 255 255 255 218 255 255 255 255 218 
Window 97: 218 255 255 255 255 218 255 255 255 255 218 255 255 255 255 218 255 255 255 255 218 255 255 255 255 
Window 98: 255 255 255 255 255 255 255 255 255 255 255 255 255 255 255 255 255 255 255 255 255 255 255 255 255 
Window 99: 255 255 255 255 255 255 255 255 255 255 255 255 255 255 255 255 255 255 255 255 255 255 255 255 255 
Window 100: 255 255 255 255 255 255 255 255 255 255 255 255 255 255 255 255 255 255 255 255 255 255 255 255 255 
Window 101: 255 255 255 255 255 255 255 255 255 255 255 255 255 255 255 255 255 255 255 255 255 255 255 255 255 
Window 102: 255 255 255 255 255 255 255 255 255 255 255 255 255 255 255 255 255 255 255 255 255 255 255 255 235 
Window 103: 255 255 255 255 255 255 255 255 255 255 255 255 255 255 255 255 255 255 255 248 255 255 255 235 124 
Window 104: 255 255 255 255 255 255 255 255 255 255 255 255 255 255 255 255 255 255 248 206 255 255 235 124  40 
Window 105: 255 255 255 255 255 255 255 255 255 255 255 255 255 255 249 255 255 248 206 115 255 235 124  40  10 
Window 106: 255 255 255 255 255 255 255 255 255 255 255 255 255 249 215 255 248 206 115  42 235 124  40  10   0 
Window 107: 255 255 255 255 255 255 255 255 255 254 255 255 249 215 129 248 206 115  42  13 124  40  10   0   2 
Window 108: 255 255 255 255 255 255 255 255 254 243 255 249 215 129  78 206 115  42  13   8  40  10   0   2  65 
Window 109: 255 255 255 255 255 255 255 254 243 223 249 215 129  78  43 115  42  13   8  32  10   0   2  65 201 
Window 110: 255 255 255 255 255 255 254 243 223 172 215 129  78  43  25  42  13   8  32  34   0   2  65 201 165 
Window 111: 255 255 255 255 255 254 243 223 172 179 129  78  43  25  43  13   8  32  34   2   2  65 201 165   1 
Window 112: 255 255 255 255 255 243 223 172 179 250  78  43  25  43 162   8  32  34   2  75  65 201 165   1  46 
Window 113: 255 255 255 255 255 223 172 179 250 255  43  25  43 162 255  32  34   2  75 231 201 165   1  46 214 
Window 114: 255 255 255 255 255 172 179 250 255 255  25  43 162 255 255  34   2  75 231 255 165   1  46 214 255 
Window 115: 255 255 255 255 255 179 250 255 255 255  43 162 255 255 255   2  75 231 255 255   1  46 214 255 255 
Window 116: 255 255 255 255 255 250 255 255 255 255 162 255 255 255 255  75 231 255 255 255  46 214 255 255 255 
Window 117: 255 255 255 255 255 255 255 255 255 255 255 255 255 255 255 231 255 255 255 255 214 255 255 255 255 
Window 118: 255 255 255 255 255 255 255 255 255 255 255 255 255 255 255 255 255 255 255 255 255 255 255 255 255 
Window 119: 255 255 255 255 255 255 255 255 255 255 255 255 255 255 255 255 255 255 255 255 255 255 255 255 255 
Window 120: 255 255 255 255 218 255 255 255 255 218 255 255 255 255 218 255 255 255 255 218 255 255 255 255 218 
Window 121: 218 255 255 255 255 218 255 255 255 255 218 255 255 255 255 218 255 255 255 255 218 255 255 255 255 
Window 122: 255 255 255 255 255 255 255 255 255 255 255 255 255 255 255 255 255 255 255 255 255 255 255 255 255 
Window 123: 255 255 255 255 255 255 255 255 255 255 255 255 255 255 255 255 255 255 255 255 255 255 255 255 255 
Window 124: 255 255 255 255 255 255 255 255 255 255 255 255 255 255 255 255 255 255 255 255 255 255 255 255 255 
Window 125: 255 255 255 255 255 255 255 255 255 255 255 255 255 255 255 255 255 255 255 255 255 255 255 255 253 
Window 126: 255 255 255 255 255 255 255 255 255 255 255 255 255 255 255 255 255 255 255 235 255 255 255 253 167 
Window 127: 255 255 255 255 255 255 255 255 255 255 255 255 255 255 248 255 255 255 235 124 255 255 253 167  26 
Window 128: 255 255 255 255 255 255 255 255 255 255 255 255 255 248 206 255 255 235 124  40 255 253 167  26   0 
Window 129: 255 255 255 255 255 255 255 255 255 249 255 255 248 206 115 255 235 124  40  10 253 167  26   0   0 
Window 130: 255 255 255 255 255 255 255 255 249 215 255 248 206 115  42 235 124  40  10   0 167  26   0   0   5 
Window 131: 255 255 255 255 254 255 255 249 215 129 248 206 115  42  13 124  40  10   0   2  26   0   0   5  60 
Window 132: 255 255 255 254 243 255 249 215 129  78 206 115  42  13   8  40  10   0   2  65   0   0   5  60 203 
Window 133: 255 255 254 243 223 249 215 129  78  43 115  42  13   8  32  10   0   2  65 201   0   5  60 203 251 
Window 134: 255 254 243 223 172 215 129  78  43  25  42  13   8  32  34   0   2  65 201 165   5  60 203 251 183 
Window 135: 254 243 223 172 179 129  78  43  25  43  13   8  32  34   2   2  65 201 165   1  60 203 251 183   1 
Window 136: 243 223 172 179 250  78  43  25  43 162   8  32  34   2  75  65 201 165   1  46 203 251 183   1  45 
Window 137: 223 172 179 250 255  43  25  43 162 255  32  34   2  75 231 201 165   1  46 214 251 183   1  45 212 
Window 138: 172 179 250 255 255  25  43 162 255 255  34   2  75 231 255 165   1  46 214 255 183   1  45 212 255 
Window 139: 179 250 255 255 255  43 162 255 255 255   2  75 231 255 255   1  46 214 255 255   1  45 212 255 255 
Window 140: 250 255 255 255 255 162 255 255 255 255  75 231 255 255 255  46 214 255 255 255  45 212 255 255 255 
Window 141: 255 255 255 255 255 255 255 255 255 255 231 255 255 255 255 214 255 255 255 255 212 255 255 255 255 
Window 142: 255 255 255 255 255 255 255 255 255 255 255 255 255 255 255 255 255 255 255 255 255 255 255 255 255 
Window 143: 255 255 255 255 255 255 255 255 255 255 255 255 255 255 255 255 255 255 255 255 255 255 255 255 255 
Window 144: 255 255 255 255 218 255 255 255 255 218 255 255 255 255 218 255 255 255 255 218 255 255 255 255 218 
Window 145: 218 255 255 255 255 218 255 255 255 255 218 255 255 255 255 218 255 255 255 255 218 255 255 255 255 
Window 146: 255 255 255 255 255 255 255 255 255 255 255 255 255 255 255 255 255 255 255 255 255 255 255 255 255 
Window 147: 255 255 255 255 255 255 255 255 255 255 255 255 255 255 255 255 255 255 255 255 255 255 255 255 255 
Window 148: 255 255 255 255 255 255 255 255 255 255 255 255 255 255 255 255 255 255 255 255 255 255 255 255 255 
Window 149: 255 255 255 255 255 255 255 255 255 255 255 255 255 255 255 255 255 255 255 253 255 255 255 255 248 
Window 150: 255 255 255 255 255 255 255 255 255 255 255 255 255 255 235 255 255 255 253 167 255 255 255 248 108 
Window 151: 255 255 255 255 255 255 255 255 255 248 255 255 255 235 124 255 255 253 167  26 255 255 248 108  13 
Window 152: 255 255 255 255 255 255 255 255 248 206 255 255 235 124  40 255 253 167  26   0 255 248 108  13  16 
Window 153: 255 255 255 255 249 255 255 248 206 115 255 235 124  40  10 253 167  26   0   0 248 108  13  16  48 
Window 154: 255 255 255 249 215 255 248 206 115  42 235 124  40  10   0 167  26   0   0   5 108  13  16  48  99 
Window 155: 255 255 249 215 129 248 206 115  42  13 124  40  10   0   2  26   0   0   5  60  13  16  48  99 205 
Window 156: 255 249 215 129  78 206 115  42  13   8  40  10   0   2  65   0   0   5  60 203  16  48  99 205 255 
Window 157: 249 215 129  78  43 115  42  13   8  32  10   0   2  65 201   0   5  60 203 251  48  99 205 255 244 
Window 158: 215 129  78  43  25  42  13   8  32  34   0   2  65 201 165   5  60 203 251 183  99 205 255 244 151 
Window 159: 129  78  43  25  43  13   8  32  34   2   2  65 201 165   1  60 203 251 183   1 205 255 244 151   0 
Window 160:  78  43  25  43 162   8  32  34   2  75  65 201 165   1  46 203 251 183   1  45 255 244 151   0  45 
Window 161:  43  25  43 162 255  32  34   2  75 231 201 165   1  46 214 251 183   1  45 212 244 151   0  45 212 
Window 162:  25  43 162 255 255  34   2  75 231 255 165   1  46 214 255 183   1  45 212 255 151   0  45 212 255 
Window 163:  43 162 255 255 255   2  75 231 255 255   1  46 214 255 255   1  45 212 255 255   0  45 212 255 255 
Window 164: 162 255 255 255 255  75 231 255 255 255  46 214 255 255 255  45 212 255 255 255  45 212 255 255 255 
Window 165: 255 255 255 255 255 231 255 255 255 255 214 255 255 255 255 212 255 255 255 255 212 255 255 255 255 
Window 166: 255 255 255 255 255 255 255 255 255 255 255 255 255 255 255 255 255 255 255 255 255 255 255 255 255 
Window 167: 255 255 255 255 255 255 255 255 255 255 255 255 255 255 255 255 255 255 255 255 255 255 255 255 255 
Window 168: 255 255 255 255 218 255 255 255 255 218 255 255 255 255 218 255 255 255 255 218 255 255 255 255 218 
Window 169: 218 255 255 255 255 218 255 255 255 255 218 255 255 255 255 218 255 255 255 255 218 255 255 255 255 
Window 170: 255 255 255 255 255 255 255 255 255 255 255 255 255 255 255 255 255 255 255 255 255 255 255 255 255 
Window 171: 255 255 255 255 255 255 255 255 255 255 255 255 255 255 255 255 255 255 255 255 255 255 255 255 255 
Window 172: 255 255 255 255 255 255 255 255 255 255 255 255 255 255 255 255 255 255 255 255 255 255 255 255 255 
Window 173: 255 255 255 255 255 255 255 255 255 255 255 255 255 255 253 255 255 255 255 248 255 255 255 255 254 
Window 174: 255 255 255 255 255 255 255 255 255 235 255 255 255 253 167 255 255 255 248 108 255 255 255 254 215 
Window 175: 255 255 255 255 248 255 255 255 235 124 255 255 253 167  26 255 255 248 108  13 255 255 254 215 141 
Window 176: 255 255 255 248 206 255 255 235 124  40 255 253 167  26   0 255 248 108  13  16 255 254 215 141 183 
Window 177: 255 255 248 206 115 255 235 124  40  10 253 167  26   0   0 248 108  13  16  48 254 215 141 183 219 
Window 178: 255 248 206 115  42 235 124  40  10   0 167  26   0   0   5 108  13  16  48  99 215 141 183 219 243 
Window 179: 248 206 115  42  13 124  40  10   0   2  26   0   0   5  60  13  16  48  99 205 141 183 219 243 254 
Window 180: 206 115  42  13   8  40  10   0   2  65   0   0   5  60 203  16  48  99 205 255 183 219 243 254 255 
Window 181: 115  42  13   8  32  10   0   2  65 201   0   5  60 203 251  48  99 205 255 244 219 243 254 255 237 
Window 182:  42  13   8  32  34   0   2  65 201 165   5  60 203 251 183  99 205 255 244 151 243 254 255 237 126 
Window 183:  13   8  32  34   2   2  65 201 165   1  60 203 251 183   1 205 255 244 151   0 254 255 237 126   0 
Window 184:   8  32  34   2  75  65 201 165   1  46 203 251 183   1  45 255 244 151   0  45 255 237 126   0  44 
Window 185:  32  34   2  75 231 201 165   1  46 214 251 183   1  45 212 244 151   0  45 212 237 126   0  44 211 
Window 186:  34   2  75 231 255 165   1  46 214 255 183   1  45 212 255 151   0  45 212 255 126   0  44 211 255 
Window 187:   2  75 231 255 255   1  46 214 255 255   1  45 212 255 255   0  45 212 255 255   0  44 211 255 255 
Window 188:  75 231 255 255 255  46 214 255 255 255  45 212 255 255 255  45 212 255 255 255  44 211 255 255 255 
Window 189: 231 255 255 255 255 214 255 255 255 255 212 255 255 255 255 212 255 255 255 255 211 255 255 255 255 
Window 190: 255 255 255 255 255 255 255 255 255 255 255 255 255 255 255 255 255 255 255 255 255 255 255 255 255 
Window 191: 255 255 255 255 255 255 255 255 255 255 255 255 255 255 255 255 255 255 255 255 255 255 255 255 255 
Window 192: 255 255 255 255 218 255 255 255 255 218 255 255 255 255 218 255 255 255 255 218 255 255 255 255 218 
Window 193: 218 255 255 255 255 218 255 255 255 255 218 255 255 255 255 218 255 255 255 255 218 255 255 255 255 
Window 194: 255 255 255 255 255 255 255 255 255 255 255 255 255 255 255 255 255 255 255 255 255 255 255 255 255 
Window 195: 255 255 255 255 255 255 255 255 255 255 255 255 255 255 255 255 255 255 255 255 255 255 255 255 255 
Window 196: 255 255 255 255 255 255 255 255 255 255 255 255 255 255 255 255 255 255 255 255 255 255 255 255 255 
Window 197: 255 255 255 255 255 255 255 255 255 253 255 255 255 255 248 255 255 255 255 254 255 255 255 255 255 
Window 198: 255 255 255 255 235 255 255 255 253 167 255 255 255 248 108 255 255 255 254 215 255 255 255 255 255 
Window 199: 255 255 255 235 124 255 255 253 167  26 255 255 248 108  13 255 255 254 215 141 255 255 255 255 250 
Window 200: 255 255 235 124  40 255 253 167  26   0 255 248 108  13  16 255 254 215 141 183 255 255 255 250 255 
Window 201: 255 235 124  40  10 253 167  26   0   0 248 108  13  16  48 254 215 141 183 219 255 255 250 255 255 
Window 202: 235 124  40  10   0 167  26   0   0   5 108  13  16  48  99 215 141 183 219 243 255 250 255 255 251 
Window 203: 124  40  10   0   2  26   0   0   5  60  13  16  48  99 205 141 183 219 243 254 250 255 255 251 248 
Window 204:  40  10   0   2  65   0   0   5  60 203  16  48  99 205 255 183 219 243 254 255 255 255 251 248 251 
Window 205:  10   0   2  65 201   0   5  60 203 251  48  99 205 255 244 219 243 254 255 237 255 251 248 251 218 
Window 206:   0   2  65 201 165   5  60 203 251 183  99 205 255 244 151 243 254 255 237 126 251 248 251 218  81 
Window 207:   2  65 201 165   1  60 203 251 183   1 205 255 244 151   0 254 255 237 126   0 248 251 218  81   0 
Window 208:  65 201 165   1  46 203 251 183   1  45 255 244 151   0  45 255 237 126   0  44 251 218  81   0  48 
Window 209: 201 165   1  46 214 251 183   1  45 212 244 151   0  45 212 237 126   0  44 211 218  81   0  48 215 
Window 210: 165   1  46 214 255 183   1  45 212 255 151   0  45 212 255 126   0  44 211 255  81   0  48 215 255 
Window 211:   1  46 214 255 255   1  45 212 255 255   0  45 212 255 255   0  44 211 255 255   0  48 215 255 255 
Window 212:  46 214 255 255 255  45 212 255 255 255  45 212 255 255 255  44 211 255 255 255  48 215 255 255 255 
Window 213: 214 255 255 255 255 212 255 255 255 255 212 255 255 255 255 211 255 255 255 255 215 255 255 255 255 
Window 214: 255 255 255 255 255 255 255 255 255 255 255 255 255 255 255 255 255 255 255 255 255 255 255 255 255 
Window 215: 255 255 255 255 255 255 255 255 255 255 255 255 255 255 255 255 255 255 255 255 255 255 255 255 255 
Window 216: 255 255 255 255 218 255 255 255 255 218 255 255 255 255 218 255 255 255 255 218 255 255 255 255 218 
Window 217: 218 255 255 255 255 218 255 255 255 255 218 255 255 255 255 218 255 255 255 255 218 255 255 255 255 
Window 218: 255 255 255 255 255 255 255 255 255 255 255 255 255 255 255 255 255 255 255 255 255 255 255 255 255 
Window 219: 255 255 255 255 255 255 255 255 255 255 255 255 255 255 255 255 255 255 255 255 255 255 255 255 255 
Window 220: 255 255 255 255 255 255 255 255 255 255 255 255 255 255 255 255 255 255 255 255 255 255 255 255 255 
Window 221: 255 255 255 255 253 255 255 255 255 248 255 255 255 255 254 255 255 255 255 255 255 255 255 255 255 
Window 222: 255 255 255 253 167 255 255 255 248 108 255 255 255 254 215 255 255 255 255 255 255 255 255 255 255 
Window 223: 255 255 253 167  26 255 255 248 108  13 255 255 254 215 141 255 255 255 255 250 255 255 255 255 255 
Window 224: 255 253 167  26   0 255 248 108  13  16 255 254 215 141 183 255 255 255 250 255 255 255 255 255 254 
Window 225: 253 167  26   0   0 248 108  13  16  48 254 215 141 183 219 255 255 250 255 255 255 255 255 254 223 
Window 226: 167  26   0   0   5 108  13  16  48  99 215 141 183 219 243 255 250 255 255 251 255 255 254 223 139 
Window 227:  26   0   0   5  60  13  16  48  99 205 141 183 219 243 254 250 255 255 251 248 255 254 223 139 128 
Window 228:   0   0   5  60 203  16  48  99 205 255 183 219 243 254 255 255 255 251 248 251 254 223 139 128 130 
Window 229:   0   5  60 203 251  48  99 205 255 244 219 243 254 255 237 255 251 248 251 218 223 139 128 130 114 
Window 230:   5  60 203 251 183  99 205 255 244 151 243 254 255 237 126 251 248 251 218  81 139 128 130 114  41 
Window 231:  60 203 251 183   1 205 255 244 151   0 254 255 237 126   0 248 251 218  81   0 128 130 114  41  15 
Window 232: 203 251 183   1  45 255 244 151   0  45 255 237 126   0  44 251 218  81   0  48 130 114  41  15 115 
Window 233: 251 183   1  45 212 244 151   0  45 212 237 126   0  44 211 218  81   0  48 215 114  41  15 115 251 
Window 234: 183   1  45 212 255 151   0  45 212 255 126   0  44 211 255  81   0  48 215 255  41  15 115 251 255 
Window 235:   1  45 212 255 255   0  45 212 255 255   0  44 211 255 255   0  48 215 255 255  15 115 251 255 255 
Window 236:  45 212 255 255 255  45 212 255 255 255  44 211 255 255 255  48 215 255 255 255 115 251 255 255 255 
Window 237: 212 255 255 255 255 212 255 255 255 255 211 255 255 255 255 215 255 255 255 255 251 255 255 255 255 
Window 238: 255 255 255 255 255 255 255 255 255 255 255 255 255 255 255 255 255 255 255 255 255 255 255 255 255 
Window 239: 255 255 255 255 255 255 255 255 255 255 255 255 255 255 255 255 255 255 255 255 255 255 255 255 255 
Window 240: 255 255 255 255 218 255 255 255 255 218 255 255 255 255 218 255 255 255 255 218 255 255 255 255 218 
Window 241: 218 255 255 255 255 218 255 255 255 255 218 255 255 255 255 218 255 255 255 255 218 255 255 255 255 
Window 242: 255 255 255 255 255 255 255 255 255 255 255 255 255 255 255 255 255 255 255 255 255 255 255 255 255 
Window 243: 255 255 255 255 255 255 255 255 255 255 255 255 255 255 255 255 255 255 255 255 255 255 255 255 255 
Window 244: 255 255 255 255 255 255 255 255 255 255 255 255 255 255 255 255 255 255 255 255 255 255 255 255 255 
Window 245: 255 255 255 255 248 255 255 255 255 254 255 255 255 255 255 255 255 255 255 255 255 255 255 255 255 
Window 246: 255 255 255 248 108 255 255 255 254 215 255 255 255 255 255 255 255 255 255 255 255 255 255 255 251 
Window 247: 255 255 248 108  13 255 255 254 215 141 255 255 255 255 250 255 255 255 255 255 255 255 255 251 217 
Window 248: 255 248 108  13  16 255 254 215 141 183 255 255 255 250 255 255 255 255 255 254 255 255 251 217 165 
Window 249: 248 108  13  16  48 254 215 141 183 219 255 255 250 255 255 255 255 255 254 223 255 251 217 165  67 
Window 250: 108  13  16  48  99 215 141 183 219 243 255 250 255 255 251 255 255 254 223 139 251 217 165  67   9 
Window 251:  13  16  48  99 205 141 183 219 243 254 250 255 255 251 248 255 254 223 139 128 217 165  67   9  14 
Window 252:  16  48  99 205 255 183 219 243 254 255 255 255 251 248 251 254 223 139 128 130 165  67   9  14   8 
Window 253:  48  99 205 255 244 219 243 254 255 237 255 251 248 251 218 223 139 128 130 114  67   9  14   8   6 
Window 254:  99 205 255 244 151 243 254 255 237 126 251 248 251 218  81 139 128 130 114  41   9  14   8   6   2 
Window 255: 205 255 244 151   0 254 255 237 126   0 248 251 218  81   0 128 130 114  41  15  14   8   6   2  59 
Window 256: 255 244 151   0  45 255 237 126   0  44 251 218  81   0  48 130 114  41  15 115   8   6   2  59 215 
Window 257: 244 151   0  45 212 237 126   0  44 211 218  81   0  48 215 114  41  15 115 251   6   2  59 215 255 
Window 258: 151   0  45 212 255 126   0  44 211 255  81   0  48 215 255  41  15 115 251 255   2  59 215 255 255 
Window 259:   0  45 212 255 255   0  44 211 255 255   0  48 215 255 255  15 115 251 255 255  59 215 255 255 255 
Window 260:  45 212 255 255 255  44 211 255 255 255  48 215 255 255 255 115 251 255 255 255 215 255 255 255 255 
Window 261: 212 255 255 255 255 211 255 255 255 255 215 255 255 255 255 251 255 255 255 255 255 255 255 255 255 
Window 262: 255 255 255 255 255 255 255 255 255 255 255 255 255 255 255 255 255 255 255 255 255 255 255 255 255 
Window 263: 255 255 255 255 255 255 255 255 255 255 255 255 255 255 255 255 255 255 255 255 255 255 255 255 255 
Window 264: 255 255 255 255 218 255 255 255 255 218 255 255 255 255 218 255 255 255 255 218 255 255 255 255 218 
Window 265: 218 255 255 255 255 218 255 255 255 255 218 255 255 255 255 218 255 255 255 255 218 255 255 255 255 
Window 266: 255 255 255 255 255 255 255 255 255 255 255 255 255 255 255 255 255 255 255 255 255 255 255 255 255 
Window 267: 255 255 255 255 255 255 255 255 255 255 255 255 255 255 255 255 255 255 255 255 255 255 255 255 255 
Window 268: 255 255 255 255 255 255 255 255 255 255 255 255 255 255 255 255 255 255 255 255 255 255 255 255 255 
Window 269: 255 255 255 255 254 255 255 255 255 255 255 255 255 255 255 255 255 255 255 255 255 255 255 255 241 
Window 270: 255 255 255 254 215 255 255 255 255 255 255 255 255 255 255 255 255 255 255 251 255 255 255 241 167 
Window 271: 255 255 254 215 141 255 255 255 255 250 255 255 255 255 255 255 255 255 251 217 255 255 241 167  41 
Window 272: 255 254 215 141 183 255 255 255 250 255 255 255 255 255 254 255 255 251 217 165 255 241 167  41  27 
Window 273: 254 215 141 183 219 255 255 250 255 255 255 255 255 254 223 255 251 217 165  67 241 167  41  27  45 
Window 274: 215 141 183 219 243 255 250 255 255 251 255 255 254 223 139 251 217 165  67   9 167  41  27  45  72 
Window 275: 141 183 219 243 254 250 255 255 251 248 255 254 223 139 128 217 165  67   9  14  41  27  45  72  97 
Window 276: 183 219 243 254 255 255 255 251 248 251 254 223 139 128 130 165  67   9  14   8  27  45  72  97  19 
Window 277: 219 243 254 255 237 255 251 248 251 218 223 139 128 130 114  67   9  14   8   6  45  72  97  19   0 
Window 278: 243 254 255 237 126 251 248 251 218  81 139 128 130 114  41   9  14   8   6   2  72  97  19   0   0 
Window 279: 254 255 237 126   0 248 251 218  81   0 128 130 114  41  15  14   8   6   2  59  97  19   0   0  33 
Window 280: 255 237 126   0  44 251 218  81   0  48 130 114  41  15 115   8   6   2  59 215  19   0   0  33 146 
Window 281: 237 126   0  44 211 218  81   0  48 215 114  41  15 115 251   6   2  59 215 255   0   0  33 146 244 
Window 282: 126   0  44 211 255  81   0  48 215 255  41  15 115 251 255   2  59 215 255 255   0  33 146 244 255 
Window 283:   0  44 211 255 255   0  48 215 255 255  15 115 251 255 255  59 215 255 255 255  33 146 244 255 255 
Window 284:  44 211 255 255 255  48 215 255 255 255 115 251 255 255 255 215 255 255 255 255 146 244 255 255 255 
Window 285: 211 255 255 255 255 215 255 255 255 255 251 255 255 255 255 255 255 255 255 255 244 255 255 255 255 
Window 286: 255 255 255 255 255 255 255 255 255 255 255 255 255 255 255 255 255 255 255 255 255 255 255 255 255 
Window 287: 255 255 255 255 255 255 255 255 255 255 255 255 255 255 255 255 255 255 255 255 255 255 255 255 255 
Window 288: 255 255 255 255 218 255 255 255 255 218 255 255 255 255 218 255 255 255 255 218 255 255 255 255 218 
Window 289: 218 255 255 255 255 218 255 255 255 255 218 255 255 255 255 218 255 255 255 255 218 255 255 255 255 
Window 290: 255 255 255 255 255 255 255 255 255 255 255 255 255 255 255 255 255 255 255 255 255 255 255 255 255 
Window 291: 255 255 255 255 255 255 255 255 255 255 255 255 255 255 255 255 255 255 255 255 255 255 255 255 254 
Window 292: 255 255 255 255 255 255 255 255 255 255 255 255 255 255 255 255 255 255 255 255 255 255 255 254 222 
Window 293: 255 255 255 255 255 255 255 255 255 255 255 255 255 255 255 255 255 255 255 241 255 255 254 222 141 
Window 294: 255 255 255 255 255 255 255 255 255 255 255 255 255 255 251 255 255 255 241 167 255 254 222 141  17 
Window 295: 255 255 255 255 250 255 255 255 255 255 255 255 255 251 217 255 255 241 167  41 254 222 141  17  20 
Window 296: 255 255 255 250 255 255 255 255 255 254 255 255 251 217 165 255 241 167  41  27 222 141  17  20 145 
Window 297: 255 255 250 255 255 255 255 255 254 223 255 251 217 165  67 241 167  41  27  45 141  17  20 145 213 
Window 298: 255 250 255 255 251 255 255 254 223 139 251 217 165  67   9 167  41  27  45  72  17  20 145 213 246 
Window 299: 250 255 255 251 248 255 254 223 139 128 217 165  67   9  14  41  27  45  72  97  20 145 213 246 178 
Window 300: 255 255 251 248 251 254 223 139 128 130 165  67   9  14   8  27  45  72  97  19 145 213 246 178  34 
Window 301: 255 251 248 251 218 223 139 128 130 114  67   9  14   8   6  45  72  97  19   0 213 246 178  34   5 
Window 302: 251 248 251 218  81 139 128 130 114  41   9  14   8   6   2  72  97  19   0   0 246 178  34   5  24 
Window 303: 248 251 218  81   0 128 130 114  41  15  14   8   6   2  59  97  19   0   0  33 178  34   5  24   9 
Window 304: 251 218  81   0  48 130 114  41  15 115   8   6   2  59 215  19   0   0  33 146  34   5  24   9  28 
Window 305: 218  81   0  48 215 114  41  15 115 251   6   2  59 215 255   0   0  33 146 244   5  24   9  28 152 
Window 306:  81   0  48 215 255  41  15 115 251 255   2  59 215 255 255   0  33 146 244 255  24   9  28 152 223 
Window 307:   0  48 215 255 255  15 115 251 255 255  59 215 255 255 255  33 146 244 255 255   9  28 152 223 247 
Window 308:  48 215 255 255 255 115 251 255 255 255 215 255 255 255 255 146 244 255 255 255  28 152 223 247 249 
Window 309: 215 255 255 255 255 251 255 255 255 255 255 255 255 255 255 244 255 255 255 255 152 223 247 249 250 
Window 310: 255 255 255 255 255 255 255 255 255 255 255 255 255 255 255 255 255 255 255 255 223 247 249 250 255 
Window 311: 255 255 255 255 255 255 255 255 255 255 255 255 255 255 255 255 255 255 255 255 247 249 250 255 255 
Window 312: 255 255 255 255 218 255 255 255 255 218 255 255 255 255 218 255 255 255 255 218 249 250 255 255 218 
Window 313: 218 255 255 255 255 218 255 255 255 255 218 255 255 255 255 218 255 255 255 255 218 255 255 255 255 
Window 314: 255 255 255 255 255 255 255 255 255 255 255 255 255 255 255 255 255 255 255 255 255 255 255 255 255 
Window 315: 255 255 255 255 255 255 255 255 255 255 255 255 255 255 255 255 255 255 255 254 255 255 255 255 227 
Window 316: 255 255 255 255 255 255 255 255 255 255 255 255 255 255 255 255 255 255 254 222 255 255 255 227 106 
Window 317: 255 255 255 255 255 255 255 255 255 255 255 255 255 255 241 255 255 254 222 141 255 255 227 106   7 
Window 318: 255 255 255 255 255 255 255 255 255 251 255 255 255 241 167 255 254 222 141  17 255 227 106   7  24 
Window 319: 255 255 255 255 255 255 255 255 251 217 255 255 241 167  41 254 222 141  17  20 227 106   7  24 111 
Window 320: 255 255 255 255 254 255 255 251 217 165 255 241 167  41  27 222 141  17  20 145 106   7  24 111 240 
Window 321: 255 255 255 254 223 255 251 217 165  67 241 167  41  27  45 141  17  20 145 213   7  24 111 240 248 
Window 322: 255 255 254 223 139 251 217 165  67   9 167  41  27  45  72  17  20 145 213 246  24 111 240 248 186 
Window 323: 255 254 223 139 128 217 165  67   9  14  41  27  45  72  97  20 145 213 246 178 111 240 248 186  43 
Window 324: 254 223 139 128 130 165  67   9  14   8  27  45  72  97  19 145 213 246 178  34 240 248 186  43   6 
Window 325: 223 139 128 130 114  67   9  14   8   6  45  72  97  19   0 213 246 178  34   5 248 186  43   6  61 
Window 326: 139 128 130 114  41   9  14   8   6   2  72  97  19   0   0 246 178  34   5  24 186  43   6  61 144 
Window 327: 128 130 114  41  15  14   8   6   2  59  97  19   0   0  33 178  34   5  24   9  43   6  61 144  95 
Window 328: 130 114  41  15 115   8   6   2  59 215  19   0   0  33 146  34   5  24   9  28   6  61 144  95  27 
Window 329: 114  41  15 115 251   6   2  59 215 255   0   0  33 146 244   5  24   9  28 152  61 144  95  27  21 
Window 330:  41  15 115 251 255   2  59 215 255 255   0  33 146 244 255  24   9  28 152 223 144  95  27  21  86 
Window 331:  15 115 251 255 255  59 215 255 255 255  33 146 244 255 255   9  28 152 223 247  95  27  21  86 158 
Window 332: 115 251 255 255 255 215 255 255 255 255 146 244 255 255 255  28 152 223 247 249  27  21  86 158 164 
Window 333: 251 255 255 255 255 255 255 255 255 255 244 255 255 255 255 152 223 247 249 250  21  86 158 164 199 
Window 334: 255 255 255 255 255 255 255 255 255 255 255 255 255 255 255 223 247 249 250 255  86 158 164 199 255 
Window 335: 255 255 255 255 255 255 255 255 255 255 255 255 255 255 255 247 249 250 255 255 158 164 199 255 255 
Window 336: 255 255 255 255 218 255 255 255 255 218 255 255 255 255 218 249 250 255 255 218 164 199 255 255 218 
Window 337: 218 255 255 255 255 218 255 255 255 255 218 255 255 255 255 218 255 255 255 255 218 255 255 255 255 
Window 338: 255 255 255 255 255 255 255 255 255 255 255 255 255 255 255 255 255 255 255 255 255 255 255 255 234 
Window 339: 255 255 255 255 255 255 255 255 255 255 255 255 255 255 254 255 255 255 255 227 255 255 255 234 110 
Window 340: 255 255 255 255 255 255 255 255 255 255 255 255 255 254 222 255 255 255 227 106 255 255 234 110  16 
Window 341: 255 255 255 255 255 255 255 255 255 241 255 255 254 222 141 255 255 227 106   7 255 234 110  16  49 
Window 342: 255 255 255 255 251 255 255 255 241 167 255 254 222 141  17 255 227 106   7  24 234 110  16  49 161 
Window 343: 255 255 255 251 217 255 255 241 167  41 254 222 141  17  20 227 106   7  24 111 110  16  49 161 225 
Window 344: 255 255 251 217 165 255 241 167  41  27 222 141  17  20 145 106   7  24 111 240  16  49 161 225 216 
Window 345: 255 251 217 165  67 241 167  41  27  45 141  17  20 145 213   7  24 111 240 248  49 161 225 216 146 
Window 346: 251 217 165  67   9 167  41  27  45  72  17  20 145 213 246  24 111 240 248 186 161 225 216 146  41 
Window 347: 217 165  67   9  14  41  27  45  72  97  20 145 213 246 178 111 240 248 186  43 225 216 146  41  30 
Window 348: 165  67   9  14   8  27  45  72  97  19 145 213 246 178  34 240 248 186  43   6 216 146  41  30  97 
Window 349:  67   9  14   8   6  45  72  97  19   0 213 246 178  34   5 248 186  43   6  61 146  41  30  97 212 
Window 350:   9  14   8   6   2  72  97  19   0   0 246 178  34   5  24 186  43   6  61 144  41  30  97 212 253 
Window 351:  14   8   6   2  59  97  19   0   0  33 178  34   5  24   9  43   6  61 144  95  30  97 212 253 234 
Window 352:   8   6   2  59 215  19   0   0  33 146  34   5  24   9  28   6  61 144  95  27  97 212 253 234 182 
Window 353:   6   2  59 215 255   0   0  33 146 244   5  24   9  28 152  61 144  95  27  21 212 253 234 182 104 
Window 354:   2  59 215 255 255   0  33 146 244 255  24   9  28 152 223 144  95  27  21  86 253 234 182 104  34 
Window 355:  59 215 255 255 255  33 146 244 255 255   9  28 152 223 247  95  27  21  86 158 234 182 104  34  12 
Window 356: 215 255 255 255 255 146 244 255 255 255  28 152 223 247 249  27  21  86 158 164 182 104  34  12  27 
Window 357: 255 255 255 255 255 244 255 255 255 255 152 223 247 249 250  21  86 158 164 199 104  34  12  27 139 
Window 358: 255 255 255 255 255 255 255 255 255 255 223 247 249 250 255  86 158 164 199 255  34  12  27 139 255 
Window 359: 255 255 255 255 255 255 255 255 255 255 247 249 250 255 255 158 164 199 255 255  12  27 139 255 255 
Window 360: 255 255 255 255 218 255 255 255 255 218 249 250 255 255 218 164 199 255 255 218  27 139 255 255 218 
Window 361: 218 255 255 255 255 218 255 255 255 255 218 255 255 255 255 218 255 255 255 255 218 255 255 255 254 
Window 362: 255 255 255 255 255 255 255 255 255 255 255 255 255 255 255 255 255 255 255 234 255 255 255 254 137 
Window 363: 255 255 255 255 255 255 255 255 255 254 255 255 255 255 227 255 255 255 234 110 255 255 254 137  14 
Window 364: 255 255 255 255 255 255 255 255 254 222 255 255 255 227 106 255 255 234 110  16 255 254 137  14  16 
Window 365: 255 255 255 255 241 255 255 254 222 141 255 255 227 106   7 255 234 110  16  49 254 137  14  16 128 
Window 366: 255 255 255 241 167 255 254 222 141  17 255 227 106   7  24 234 110  16  49 161 137  14  16 128 179 
Window 367: 255 255 241 167  41 254 222 141  17  20 227 106   7  24 111 110  16  49 161 225  14  16 128 179 133 
Window 368: 255 241 167  41  27 222 141  17  20 145 106   7  24 111 240  16  49 161 225 216  16 128 179 133  55 
Window 369: 241 167  41  27  45 141  17  20 145 213   7  24 111 240 248  49 161 225 216 146 128 179 133  55   5 
Window 370: 167  41  27  45  72  17  20 145 213 246  24 111 240 248 186 161 225 216 146  41 179 133  55   5  43 
Window 371:  41  27  45  72  97  20 145 213 246 178 111 240 248 186  43 225 216 146  41  30 133  55   5  43 164 
Window 372:  27  45  72  97  19 145 213 246 178  34 240 248 186  43   6 216 146  41  30  97  55   5  43 164 236 
Window 373:  45  72  97  19   0 213 246 178  34   5 248 186  43   6  61 146  41  30  97 212   5  43 164 236 255 
Window 374:  72  97  19   0   0 246 178  34   5  24 186  43   6  61 144  41  30  97 212 253  43 164 236 255 255 
Window 375:  97  19   0   0  33 178  34   5  24   9  43   6  61 144  95  30  97 212 253 234 164 236 255 255 255 
Window 376:  19   0   0  33 146  34   5  24   9  28   6  61 144  95  27  97 212 253 234 182 236 255 255 255 255 
Window 377:   0   0  33 146 244   5  24   9  28 152  61 144  95  27  21 212 253 234 182 104 255 255 255 255 239 
Window 378:   0  33 146 244 255  24   9  28 152 223 144  95  27  21  86 253 234 182 104  34 255 255 255 239 167 
Window 379:  33 146 244 255 255   9  28 152 223 247  95  27  21  86 158 234 182 104  34  12 255 255 239 167 116 
Window 380: 146 244 255 255 255  28 152 223 247 249  27  21  86 158 164 182 104  34  12  27 255 239 167 116 153 
Window 381: 244 255 255 255 255 152 223 247 249 250  21  86 158 164 199 104  34  12  27 139 239 167 116 153 240 
Window 382: 255 255 255 255 255 223 247 249 250 255  86 158 164 199 255  34  12  27 139 255 167 116 153 240 255 
Window 383: 255 255 255 255 255 247 249 250 255 255 158 164 199 255 255  12  27 139 255 255 116 153 240 255 255 
Window 384: 255 255 255 255 218 249 250 255 255 218 164 199 255 255 218  27 139 255 255 218 153 240 255 255 218 
Window 385: 218 255 255 255 255 218 255 255 255 255 218 255 255 255 255 218 255 255 255 254 218 255 255 255 252 
Window 386: 255 255 255 255 255 255 255 255 255 255 255 255 255 255 234 255 255 255 254 137 255 255 255 252  65 
Window 387: 255 255 255 255 254 255 255 255 255 227 255 255 255 234 110 255 255 254 137  14 255 255 252  65   0 
Window 388: 255 255 255 254 222 255 255 255 227 106 255 255 234 110  16 255 254 137  14  16 255 252  65   0   4 
Window 389: 255 255 254 222 141 255 255 227 106   7 255 234 110  16  49 254 137  14  16 128 252  65   0   4  25 
Window 390: 255 254 222 141  17 255 227 106   7  24 234 110  16  49 161 137  14  16 128 179  65   0   4  25  18 
Window 391: 254 222 141  17  20 227 106   7  24 111 110  16  49 161 225  14  16 128 179 133   0   4  25  18  18 
Window 392: 222 141  17  20 145 106   7  24 111 240  16  49 161 225 216  16 128 179 133  55   4  25  18  18  39 
Window 393: 141  17  20 145 213   7  24 111 240 248  49 161 225 216 146 128 179 133  55   5  25  18  18  39  81 
Window 394:  17  20 145 213 246  24 111 240 248 186 161 225 216 146  41 179 133  55   5  43  18  18  39  81 176 
Window 395:  20 145 213 246 178 111 240 248 186  43 225 216 146  41  30 133  55   5  43 164  18  39  81 176 251 
Window 396: 145 213 246 178  34 240 248 186  43   6 216 146  41  30  97  55   5  43 164 236  39  81 176 251 255 
Window 397: 213 246 178  34   5 248 186  43   6  61 146  41  30  97 212   5  43 164 236 255  81 176 251 255 255 
Window 398: 246 178  34   5  24 186  43   6  61 144  41  30  97 212 253  43 164 236 255 255 176 251 255 255 255 
Window 399: 178  34   5  24   9  43   6  61 144  95  30  97 212 253 234 164 236 255 255 255 251 255 255 255 255 
Window 400:  34   5  24   9  28   6  61 144  95  27  97 212 253 234 182 236 255 255 255 255 255 255 255 255 255 
Window 401:   5  24   9  28 152  61 144  95  27  21 212 253 234 182 104 255 255 255 255 239 255 255 255 255 255 
Window 402:  24   9  28 152 223 144  95  27  21  86 253 234 182 104  34 255 255 255 239 167 255 255 255 255 255 
Window 403:   9  28 152 223 247  95  27  21  86 158 234 182 104  34  12 255 255 239 167 116 255 255 255 255 255 
Window 404:  28 152 223 247 249  27  21  86 158 164 182 104  34  12  27 255 239 167 116 153 255 255 255 255 255 
Window 405: 152 223 247 249 250  21  86 158 164 199 104  34  12  27 139 239 167 116 153 240 255 255 255 255 255 
Window 406: 223 247 249 250 255  86 158 164 199 255  34  12  27 139 255 167 116 153 240 255 255 255 255 255 255 
Window 407: 247 249 250 255 255 158 164 199 255 255  12  27 139 255 255 116 153 240 255 255 255 255 255 255 255 
Window 408: 249 250 255 255 218 164 199 255 255 218  27 139 255 255 218 153 240 255 255 218 255 255 255 255 218 
Window 409: 218 255 255 255 255 218 255 255 255 255 218 255 255 255 254 218 255 255 255 252 218 255 255 255 253 
Window 410: 255 255 255 255 255 255 255 255 255 234 255 255 255 254 137 255 255 255 252  65 255 255 255 253 127 
Window 411: 255 255 255 255 227 255 255 255 234 110 255 255 254 137  14 255 255 252  65   0 255 255 253 127  46 
Window 412: 255 255 255 227 106 255 255 234 110  16 255 254 137  14  16 255 252  65   0   4 255 253 127  46  28 
Window 413: 255 255 227 106   7 255 234 110  16  49 254 137  14  16 128 252  65   0   4  25 253 127  46  28  32 
Window 414: 255 227 106   7  24 234 110  16  49 161 137  14  16 128 179  65   0   4  25  18 127  46  28  32  62 
Window 415: 227 106   7  24 111 110  16  49 161 225  14  16 128 179 133   0   4  25  18  18  46  28  32  62 122 
Window 416: 106   7  24 111 240  16  49 161 225 216  16 128 179 133  55   4  25  18  18  39  28  32  62 122 178 
Window 417:   7  24 111 240 248  49 161 225 216 146 128 179 133  55   5  25  18  18  39  81  32  62 122 178 234 
Window 418:  24 111 240 248 186 161 225 216 146  41 179 133  55   5  43  18  18  39  81 176  62 122 178 234 255 
Window 419: 111 240 248 186  43 225 216 146  41  30 133  55   5  43 164  18  39  81 176 251 122 178 234 255 255 
Window 420: 240 248 186  43   6 216 146  41  30  97  55   5  43 164 236  39  81 176 251 255 178 234 255 255 255 
Window 421: 248 186  43   6  61 146  41  30  97 212   5  43 164 236 255  81 176 251 255 255 234 255 255 255 255 
Window 422: 186  43   6  61 144  41  30  97 212 253  43 164 236 255 255 176 251 255 255 255 255 255 255 255 255 
Window 423:  43   6  61 144  95  30  97 212 253 234 164 236 255 255 255 251 255 255 255 255 255 255 255 255 255 
Window 424:   6  61 144  95  27  97 212 253 234 182 236 255 255 255 255 255 255 255 255 255 255 255 255 255 255 
Window 425:  61 144  95  27  21 212 253 234 182 104 255 255 255 255 239 255 255 255 255 255 255 255 255 255 255 
Window 426: 144  95  27  21  86 253 234 182 104  34 255 255 255 239 167 255 255 255 255 255 255 255 255 255 255 
Window 427:  95  27  21  86 158 234 182 104  34  12 255 255 239 167 116 255 255 255 255 255 255 255 255 255 255 
Window 428:  27  21  86 158 164 182 104  34  12  27 255 239 167 116 153 255 255 255 255 255 255 255 255 255 255 
Window 429:  21  86 158 164 199 104  34  12  27 139 239 167 116 153 240 255 255 255 255 255 255 255 255 255 255 
Window 430:  86 158 164 199 255  34  12  27 139 255 167 116 153 240 255 255 255 255 255 255 255 255 255 255 255 
Window 431: 158 164 199 255 255  12  27 139 255 255 116 153 240 255 255 255 255 255 255 255 255 255 255 255 255 
Window 432: 164 199 255 255 218  27 139 255 255 218 153 240 255 255 218 255 255 255 255 218 255 255 255 255 218 
Window 433: 218 255 255 255 255 218 255 255 255 254 218 255 255 255 252 218 255 255 255 253 218 255 255 255 255 
Window 434: 255 255 255 255 234 255 255 255 254 137 255 255 255 252  65 255 255 255 253 127 255 255 255 255 249 
Window 435: 255 255 255 234 110 255 255 254 137  14 255 255 252  65   0 255 255 253 127  46 255 255 255 249 200 
Window 436: 255 255 234 110  16 255 254 137  14  16 255 252  65   0   4 255 253 127  46  28 255 255 249 200 162 
Window 437: 255 234 110  16  49 254 137  14  16 128 252  65   0   4  25 253 127  46  28  32 255 249 200 162 175 
Window 438: 234 110  16  49 161 137  14  16 128 179  65   0   4  25  18 127  46  28  32  62 249 200 162 175 234 
Window 439: 110  16  49 161 225  14  16 128 179 133   0   4  25  18  18  46  28  32  62 122 200 162 175 234 253 
Window 440:  16  49 161 225 216  16 128 179 133  55   4  25  18  18  39  28  32  62 122 178 162 175 234 253 255 
Window 441:  49 161 225 216 146 128 179 133  55   5  25  18  18  39  81  32  62 122 178 234 175 234 253 255 255 
Window 442: 161 225 216 146  41 179 133  55   5  43  18  18  39  81 176  62 122 178 234 255 234 253 255 255 255 
Window 443: 225 216 146  41  30 133  55   5  43 164  18  39  81 176 251 122 178 234 255 255 253 255 255 255 255 
Window 444: 216 146  41  30  97  55   5  43 164 236  39  81 176 251 255 178 234 255 255 255 255 255 255 255 255 
Window 445: 146  41  30  97 212   5  43 164 236 255  81 176 251 255 255 234 255 255 255 255 255 255 255 255 255 
Window 446:  41  30  97 212 253  43 164 236 255 255 176 251 255 255 255 255 255 255 255 255 255 255 255 255 255 
Window 447:  30  97 212 253 234 164 236 255 255 255 251 255 255 255 255 255 255 255 255 255 255 255 255 255 255 
Window 448:  97 212 253 234 182 236 255 255 255 255 255 255 255 255 255 255 255 255 255 255 255 255 255 255 255 
Window 449: 212 253 234 182 104 255 255 255 255 239 255 255 255 255 255 255 255 255 255 255 255 255 255 255 255 
Window 450: 253 234 182 104  34 255 255 255 239 167 255 255 255 255 255 255 255 255 255 255 255 255 255 255 255 
Window 451: 234 182 104  34  12 255 255 239 167 116 255 255 255 255 255 255 255 255 255 255 255 255 255 255 255 
Window 452: 182 104  34  12  27 255 239 167 116 153 255 255 255 255 255 255 255 255 255 255 255 255 255 255 255 
Window 453: 104  34  12  27 139 239 167 116 153 240 255 255 255 255 255 255 255 255 255 255 255 255 255 255 255 
Window 454:  34  12  27 139 255 167 116 153 240 255 255 255 255 255 255 255 255 255 255 255 255 255 255 255 255 
Window 455:  12  27 139 255 255 116 153 240 255 255 255 255 255 255 255 255 255 255 255 255 255 255 255 255 255 
Window 456:  27 139 255 255 218 153 240 255 255 218 255 255 255 255 218 255 255 255 255 218 255 255 255 255 218 
Window 457: 218 255 255 255 254 218 255 255 255 252 218 255 255 255 253 218 255 255 255 255 218 255 255 255 255 
Window 458: 255 255 255 254 137 255 255 255 252  65 255 255 255 253 127 255 255 255 255 249 255 255 255 255 255 
Window 459: 255 255 254 137  14 255 255 252  65   0 255 255 253 127  46 255 255 255 249 200 255 255 255 255 255 
Window 460: 255 254 137  14  16 255 252  65   0   4 255 253 127  46  28 255 255 249 200 162 255 255 255 255 255 
Window 461: 254 137  14  16 128 252  65   0   4  25 253 127  46  28  32 255 249 200 162 175 255 255 255 255 255 
Window 462: 137  14  16 128 179  65   0   4  25  18 127  46  28  32  62 249 200 162 175 234 255 255 255 255 255 
Window 463:  14  16 128 179 133   0   4  25  18  18  46  28  32  62 122 200 162 175 234 253 255 255 255 255 255 
Window 464:  16 128 179 133  55   4  25  18  18  39  28  32  62 122 178 162 175 234 253 255 255 255 255 255 255 
Window 465: 128 179 133  55   5  25  18  18  39  81  32  62 122 178 234 175 234 253 255 255 255 255 255 255 255 
Window 466: 179 133  55   5  43  18  18  39  81 176  62 122 178 234 255 234 253 255 255 255 255 255 255 255 255 
Window 467: 133  55   5  43 164  18  39  81 176 251 122 178 234 255 255 253 255 255 255 255 255 255 255 255 255 
Window 468:  55   5  43 164 236  39  81 176 251 255 178 234 255 255 255 255 255 255 255 255 255 255 255 255 255 
Window 469:   5  43 164 236 255  81 176 251 255 255 234 255 255 255 255 255 255 255 255 255 255 255 255 255 255 
Window 470:  43 164 236 255 255 176 251 255 255 255 255 255 255 255 255 255 255 255 255 255 255 255 255 255 255 
Window 471: 164 236 255 255 255 251 255 255 255 255 255 255 255 255 255 255 255 255 255 255 255 255 255 255 255 
Window 472: 236 255 255 255 255 255 255 255 255 255 255 255 255 255 255 255 255 255 255 255 255 255 255 255 255 
Window 473: 255 255 255 255 239 255 255 255 255 255 255 255 255 255 255 255 255 255 255 255 255 255 255 255 255 
Window 474: 255 255 255 239 167 255 255 255 255 255 255 255 255 255 255 255 255 255 255 255 255 255 255 255 255 
Window 475: 255 255 239 167 116 255 255 255 255 255 255 255 255 255 255 255 255 255 255 255 255 255 255 255 255 
Window 476: 255 239 167 116 153 255 255 255 255 255 255 255 255 255 255 255 255 255 255 255 255 255 255 255 255 
Window 477: 239 167 116 153 240 255 255 255 255 255 255 255 255 255 255 255 255 255 255 255 255 255 255 255 255 
Window 478: 167 116 153 240 255 255 255 255 255 255 255 255 255 255 255 255 255 255 255 255 255 255 255 255 255 
Window 479: 116 153 240 255 255 255 255 255 255 255 255 255 255 255 255 255 255 255 255 255 255 255 255 255 255 
Window 480: 153 240 255 255 218 255 255 255 255 218 255 255 255 255 218 255 255 255 255 218 255 255 255 255 218 
Window 481: 218 255 255 255 252 218 255 255 255 253 218 255 255 255 255 218 255 255 255 255 218 255 255 255 255 
Window 482: 255 255 255 252  65 255 255 255 253 127 255 255 255 255 249 255 255 255 255 255 255 255 255 255 255 
Window 483: 255 255 252  65   0 255 255 253 127  46 255 255 255 249 200 255 255 255 255 255 255 255 255 255 255 
Window 484: 255 252  65   0   4 255 253 127  46  28 255 255 249 200 162 255 255 255 255 255 255 255 255 255 255 
Window 485: 252  65   0   4  25 253 127  46  28  32 255 249 200 162 175 255 255 255 255 255 255 255 255 255 255 
Window 486:  65   0   4  25  18 127  46  28  32  62 249 200 162 175 234 255 255 255 255 255 255 255 255 255 255 
Window 487:   0   4  25  18  18  46  28  32  62 122 200 162 175 234 253 255 255 255 255 255 255 255 255 255 255 
Window 488:   4  25  18  18  39  28  32  62 122 178 162 175 234 253 255 255 255 255 255 255 255 255 255 255 255 
Window 489:  25  18  18  39  81  32  62 122 178 234 175 234 253 255 255 255 255 255 255 255 255 255 255 255 255 
Window 490:  18  18  39  81 176  62 122 178 234 255 234 253 255 255 255 255 255 255 255 255 255 255 255 255 255 
Window 491:  18  39  81 176 251 122 178 234 255 255 253 255 255 255 255 255 255 255 255 255 255 255 255 255 255 
Window 492:  39  81 176 251 255 178 234 255 255 255 255 255 255 255 255 255 255 255 255 255 255 255 255 255 255 
Window 493:  81 176 251 255 255 234 255 255 255 255 255 255 255 255 255 255 255 255 255 255 255 255 255 255 255 
Window 494: 176 251 255 255 255 255 255 255 255 255 255 255 255 255 255 255 255 255 255 255 255 255 255 255 255 
Window 495: 251 255 255 255 255 255 255 255 255 255 255 255 255 255 255 255 255 255 255 255 255 255 255 255 255 
Window 496: 255 255 255 255 255 255 255 255 255 255 255 255 255 255 255 255 255 255 255 255 255 255 255 255 255 
Window 497: 255 255 255 255 255 255 255 255 255 255 255 255 255 255 255 255 255 255 255 255 255 255 255 255 255 
Window 498: 255 255 255 255 255 255 255 255 255 255 255 255 255 255 255 255 255 255 255 255 255 255 255 255 255 
Window 499: 255 255 255 255 255 255 255 255 255 255 255 255 255 255 255 255 255 255 255 255 255 255 255 255 255 
Window 500: 255 255 255 255 255 255 255 255 255 255 255 255 255 255 255 255 255 255 255 255 255 255 255 255 255 
Window 501: 255 255 255 255 255 255 255 255 255 255 255 255 255 255 255 255 255 255 255 255 255 255 255 255 255 
Window 502: 255 255 255 255 255 255 255 255 255 255 255 255 255 255 255 255 255 255 255 255 255 255 255 255 255 
Window 503: 255 255 255 255 255 255 255 255 255 255 255 255 255 255 255 255 255 255 255 255 255 255 255 255 255 
Window 504: 255 255 255 255 218 255 255 255 255 218 255 255 255 255 218 255 255 255 255 218 255 255 255 255 218 
Window 505: 218 255 255 255 253 218 255 255 255 255 218 255 255 255 255 218 255 255 255 255 218 255 255 255 255 
Window 506: 255 255 255 253 127 255 255 255 255 249 255 255 255 255 255 255 255 255 255 255 255 255 255 255 255 
Window 507: 255 255 253 127  46 255 255 255 249 200 255 255 255 255 255 255 255 255 255 255 255 255 255 255 255 
Window 508: 255 253 127  46  28 255 255 249 200 162 255 255 255 255 255 255 255 255 255 255 255 255 255 255 255 
Window 509: 253 127  46  28  32 255 249 200 162 175 255 255 255 255 255 255 255 255 255 255 255 255 255 255 255 
Window 510: 127  46  28  32  62 249 200 162 175 234 255 255 255 255 255 255 255 255 255 255 255 255 255 255 255 
Window 511:  46  28  32  62 122 200 162 175 234 253 255 255 255 255 255 255 255 255 255 255 255 255 255 255 255 
Window 512:  28  32  62 122 178 162 175 234 253 255 255 255 255 255 255 255 255 255 255 255 255 255 255 255 255 
Window 513:  32  62 122 178 234 175 234 253 255 255 255 255 255 255 255 255 255 255 255 255 255 255 255 255 255 
Window 514:  62 122 178 234 255 234 253 255 255 255 255 255 255 255 255 255 255 255 255 255 255 255 255 255 255 
Window 515: 122 178 234 255 255 253 255 255 255 255 255 255 255 255 255 255 255 255 255 255 255 255 255 255 255 
Window 516: 178 234 255 255 255 255 255 255 255 255 255 255 255 255 255 255 255 255 255 255 255 255 255 255 255 
Window 517: 234 255 255 255 255 255 255 255 255 255 255 255 255 255 255 255 255 255 255 255 255 255 255 255 255 
Window 518: 255 255 255 255 255 255 255 255 255 255 255 255 255 255 255 255 255 255 255 255 255 255 255 255 255 
Window 519: 255 255 255 255 255 255 255 255 255 255 255 255 255 255 255 255 255 255 255 255 255 255 255 255 255 
Window 520: 255 255 255 255 255 255 255 255 255 255 255 255 255 255 255 255 255 255 255 255 255 255 255 255 255 
Window 521: 255 255 255 255 255 255 255 255 255 255 255 255 255 255 255 255 255 255 255 255 255 255 255 255 255 
Window 522: 255 255 255 255 255 255 255 255 255 255 255 255 255 255 255 255 255 255 255 255 255 255 255 255 255 
Window 523: 255 255 255 255 255 255 255 255 255 255 255 255 255 255 255 255 255 255 255 255 255 255 255 255 255 
Window 524: 255 255 255 255 255 255 255 255 255 255 255 255 255 255 255 255 255 255 255 255 255 255 255 255 255 
Window 525: 255 255 255 255 255 255 255 255 255 255 255 255 255 255 255 255 255 255 255 255 255 255 255 255 255 
Window 526: 255 255 255 255 255 255 255 255 255 255 255 255 255 255 255 255 255 255 255 255 255 255 255 255 255 
Window 527: 255 255 255 255 255 255 255 255 255 255 255 255 255 255 255 255 255 255 255 255 255 255 255 255 255 
Window 528: 255 255 255 255 218 255 255 255 255 218 255 255 255 255 218 255 255 255 255 218 255 255 255 255 218 
Window 529: 218 255 255 255 255 218 255 255 255 255 218 255 255 255 255 218 255 255 255 255 217 255 255 255 255 
Window 530: 255 255 255 255 249 255 255 255 255 255 255 255 255 255 255 255 255 255 255 255 255 255 255 255 255 
Window 531: 255 255 255 249 200 255 255 255 255 255 255 255 255 255 255 255 255 255 255 255 255 255 255 255 255 
Window 532: 255 255 249 200 162 255 255 255 255 255 255 255 255 255 255 255 255 255 255 255 255 255 255 255 255 
Window 533: 255 249 200 162 175 255 255 255 255 255 255 255 255 255 255 255 255 255 255 255 255 255 255 255 255 
Window 534: 249 200 162 175 234 255 255 255 255 255 255 255 255 255 255 255 255 255 255 255 255 255 255 255 255 
Window 535: 200 162 175 234 253 255 255 255 255 255 255 255 255 255 255 255 255 255 255 255 255 255 255 255 255 
Window 536: 162 175 234 253 255 255 255 255 255 255 255 255 255 255 255 255 255 255 255 255 255 255 255 255 255 
Window 537: 175 234 253 255 255 255 255 255 255 255 255 255 255 255 255 255 255 255 255 255 255 255 255 255 255 
Window 538: 234 253 255 255 255 255 255 255 255 255 255 255 255 255 255 255 255 255 255 255 255 255 255 255 255 
Window 539: 253 255 255 255 255 255 255 255 255 255 255 255 255 255 255 255 255 255 255 255 255 255 255 255 255 
Window 540: 255 255 255 255 255 255 255 255 255 255 255 255 255 255 255 255 255 255 255 255 255 255 255 255 255 
Window 541: 255 255 255 255 255 255 255 255 255 255 255 255 255 255 255 255 255 255 255 255 255 255 255 255 255 
Window 542: 255 255 255 255 255 255 255 255 255 255 255 255 255 255 255 255 255 255 255 255 255 255 255 255 255 
Window 543: 255 255 255 255 255 255 255 255 255 255 255 255 255 255 255 255 255 255 255 255 255 255 255 255 255 
Window 544: 255 255 255 255 255 255 255 255 255 255 255 255 255 255 255 255 255 255 255 255 255 255 255 255 255 
Window 545: 255 255 255 255 255 255 255 255 255 255 255 255 255 255 255 255 255 255 255 255 255 255 255 255 255 
Window 546: 255 255 255 255 255 255 255 255 255 255 255 255 255 255 255 255 255 255 255 255 255 255 255 255 255 
Window 547: 255 255 255 255 255 255 255 255 255 255 255 255 255 255 255 255 255 255 255 255 255 255 255 255 255 
Window 548: 255 255 255 255 255 255 255 255 255 255 255 255 255 255 255 255 255 255 255 255 255 255 255 255 255 
Window 549: 255 255 255 255 255 255 255 255 255 255 255 255 255 255 255 255 255 255 255 255 255 255 255 255 255 
Window 550: 255 255 255 255 255 255 255 255 255 255 255 255 255 255 255 255 255 255 255 255 255 255 255 255 255 
Window 551: 255 255 255 255 255 255 255 255 255 255 255 255 255 255 255 255 255 255 255 255 255 255 255 255 255 
Window 552: 255 255 255 255 218 255 255 255 255 218 255 255 255 255 218 255 255 255 255 218 255 255 255 255 217 
Window 553: 218 255 255 255 255 218 255 255 255 255 218 255 255 255 255 217 255 255 255 255 212 220 220 220 220 
Window 554: 255 255 255 255 255 255 255 255 255 255 255 255 255 255 255 255 255 255 255 255 220 220 220 220 220 
Window 555: 255 255 255 255 255 255 255 255 255 255 255 255 255 255 255 255 255 255 255 255 220 220 220 220 220 
Window 556: 255 255 255 255 255 255 255 255 255 255 255 255 255 255 255 255 255 255 255 255 220 220 220 220 220 
Window 557: 255 255 255 255 255 255 255 255 255 255 255 255 255 255 255 255 255 255 255 255 220 220 220 220 220 
Window 558: 255 255 255 255 255 255 255 255 255 255 255 255 255 255 255 255 255 255 255 255 220 220 220 220 220 
Window 559: 255 255 255 255 255 255 255 255 255 255 255 255 255 255 255 255 255 255 255 255 220 220 220 220 220 
Window 560: 255 255 255 255 255 255 255 255 255 255 255 255 255 255 255 255 255 255 255 255 220 220 220 220 220 
Window 561: 255 255 255 255 255 255 255 255 255 255 255 255 255 255 255 255 255 255 255 255 220 220 220 220 220 
Window 562: 255 255 255 255 255 255 255 255 255 255 255 255 255 255 255 255 255 255 255 255 220 220 220 220 220 
Window 563: 255 255 255 255 255 255 255 255 255 255 255 255 255 255 255 255 255 255 255 255 220 220 220 220 220 
Window 564: 255 255 255 255 255 255 255 255 255 255 255 255 255 255 255 255 255 255 255 255 220 220 220 220 220 
Window 565: 255 255 255 255 255 255 255 255 255 255 255 255 255 255 255 255 255 255 255 255 220 220 220 220 220 
Window 566: 255 255 255 255 255 255 255 255 255 255 255 255 255 255 255 255 255 255 255 255 220 220 220 220 220 
Window 567: 255 255 255 255 255 255 255 255 255 255 255 255 255 255 255 255 255 255 255 255 220 220 220 220 220 
Window 568: 255 255 255 255 255 255 255 255 255 255 255 255 255 255 255 255 255 255 255 255 220 220 220 220 220 
Window 569: 255 255 255 255 255 255 255 255 255 255 255 255 255 255 255 255 255 255 255 255 220 220 220 220 220 
Window 570: 255 255 255 255 255 255 255 255 255 255 255 255 255 255 255 255 255 255 255 255 220 220 220 220 220 
Window 571: 255 255 255 255 255 255 255 255 255 255 255 255 255 255 255 255 255 255 255 255 220 220 220 220 220 
Window 572: 255 255 255 255 255 255 255 255 255 255 255 255 255 255 255 255 255 255 255 255 220 220 220 220 220 
Window 573: 255 255 255 255 255 255 255 255 255 255 255 255 255 255 255 255 255 255 255 255 220 220 220 220 220 
Window 574: 255 255 255 255 255 255 255 255 255 255 255 255 255 255 255 255 255 255 255 255 220 220 220 220 220 
Window 575: 255 255 255 255 255 255 255 255 255 255 255 255 255 255 255 255 255 255 255 255 220 220 220 220 220 
Window 576: 255 255 255 255 218 255 255 255 255 218 255 255 255 255 218 255 255 255 255 217 220 220 220 220 212 
