-101 0 85 -56 0 -25 -51 0
-82 -18 -46 -70 -3 -97 -117 37
-103 127 13 54 96 -60 -78 -50
-3 79 122 31 -38 -62 56 -93
-79 -4 12 23 -13 -44 56 -7
101 100 -44 41 118 -90 96 -36
-103 -93 30 -116 -118 -39 21 73
-117 -29 -36 -39 121 -97 -110 71
14 109 65 -13 -80 98 108 43
69 106 -23 -67 42 -104 76 -94
-49 54 -2 55 22 110 -55 -123
-83 30 49 91 44 -26 11 15
-42 -41 121 -56 -36 -116 124 -51
-75 111 -45 59 30 -41 55 112
2 -97 86 -93 79 60 86 123
104 59 61 86 -124 75 -18 -55
33 37 116 -93 -107 11 -8 77
-103 85 -120 22 121 47 15 101
-28 -27 -37 -35 38 100 -60 24
-115 63 41 78 -69 -114 63 98
